00 [2, 7, 8, 8] 25
#########################
01 [0, 2, 5, 8] 15
#########################
02 [2, 4, 6, 8] 20
#########################
03 [0, 2, 8, 8] 18
#########################
04 [2, 7, 8, 8] 25
#########################
05 [0, 2, 5, 8] 15
#########################
06 [2, 7, 8, 7] 24
#########################
07 [0, 2, 4, 6] 12
#########################
08 [1, 4, 7, 7] 19
#########################
09 [0, 1, 4, 8] 13
#########################
10 [1, 3, 7, 8] 19
#########################
11 [0, 1, 3, 6] 10
#########################
12 [1, 3, 7, 8] 19
#########################
13 [0, 1, 3, 8] 12
#########################
14 [1, 3, 6, 7] 17
#########################
15 [0, 1, 3, 7] 11
#########################
16 [1, 3, 5, 8] 17
#########################
17 [0, 1, 4, 8] 13
#########################
18 [1, 5, 8, 7] 21
#########################
19 [0, 1, 4, 8] 13
#########################
20 [1, 3, 7, 8] 19
#########################
21 [0, 1, 3, 5] 9
#########################
22 [1, 5, 8, 8] 22
#########################
23 [0, 1, 3, 5] 9
#########################
24 [2, 8, 8, 8] 26
#########################
25 [0, 2, 7, 8] 17
#########################
26 [2, 6, 8, 8] 24
#########################
27 [0, 2, 3, 6] 11
#########################
28 [2, 6, 8, 8] 24
#########################
29 [0, 2, 4, 8] 14
#########################
30 [2, 7, 8, 8] 25
#########################
31 [0, 2, 6, 8] 16
#########################
32 [2, 8, 8, 8] 26
#########################
33 [0, 2, 7, 7] 16
#########################
34 [2, 5, 8, 8] 23
#########################
35 [0, 2, 5, 8] 15
#########################
36 [2, 7, 8, 8] 25
#########################
37 [0, 2, 6, 8] 16
#########################
38 [2, 6, 8, 8] 24
#########################
39 [0, 2, 7, 8] 17
#########################
40 [1, 2, 5, 8] 16
#########################
41 [0, 1, 5, 8] 14
#########################
42 [1, 2, 6, 7] 16
#########################
43 [0, 1, 2, 6] 9
#########################
44 [1, 3, 8, 8] 20
#########################
45 [0, 1, 6, 8] 15
#########################
46 [1, 3, 7, 8] 19
#########################
47 [0, 1, 3, 7] 11
#########################
48 [1, 4, 7, 8] 20
#########################
49 [0, 1, 2, 5] 8
#########################
50 [1, 4, 8, 8] 21
#########################
51 [0, 1, 5, 7] 13
#########################
52 [1, 2, 7, 8] 18
#########################
53 [0, 1, 3, 7] 11
#########################
54 [1, 4, 7, 7] 19
#########################
55 [0, 1, 2, 7] 10
#########################
56 [2, 7, 8, 8] 25
#########################
57 [0, 2, 7, 7] 16
#########################
58 [2, 6, 8, 8] 24
#########################
59 [0, 2, 8, 7] 17
#########################
60 [2, 4, 7, 7] 20
#########################
61 [0, 2, 6, 8] 16
#########################
62 [2, 6, 8, 7] 23
#########################
63 [0, 2, 8, 7] 17
#########################
[Finished in 1.7s]